0000
0001
0010
0011
0100
0101
0110
0111
0000
1001
1010
1011
1100
1101
1110
1111
0001
0010
0011
0100
0101
0110
0111
1000
0001
1010
1011
1100
1101
1110
1111
0000
0010
0011
0100
0101
0110
0111
1000
1001
0010
1011
1100
1101
1110
1111
0000
0001
0011
0100
0101
0110
0111
1000
1001
1010
0011
1100
1101
1110
1111
0000
0001
0010
0100
0101
0110
0111
1000
1001
1010
1011
0100
1101
1110
1111
0000
0001
0010
0011
0101
0110
0111
1000
1001
1010
1011
1100
0101
1110
1111
0000
0001
0010
0011
0000
0110
0111
1000
1001
1010
1011
1100
1101
0110
1111
0000
0001
0010
0011
0000
0001
0111
1000
1001
1010
1011
1100
1101
1110
0111
0000
0001
0010
0011
0000
0001
0010
0000
0001
0010
0011
0100
0101
0110
0111
0000
1001
1010
1011
1100
1101
1110
1111
1001
1010
1011
1100
1101
1110
1111
0000
1001
0010
0011
0000
0001
0010
0011
0000
1010
1011
1100
1101
1110
1111
0000
0001
1010
0011
0000
0001
0010
0011
0000
0001
1011
1100
1101
1110
1111
0000
0001
0010
1011
0000
0001
0010
0011
0000
0001
0010
1100
1101
1110
1111
0000
0001
0010
0011
1100
0001
0010
0011
0000
0001
0010
0011
1101
1110
1111
0000
0001
0010
0011
0000
1101
0010
0011
0000
0001
0010
0011
0000
1110
1111
0000
0001
0010
0011
0000
0001
1110
0011
0000
0001
0010
0011
0000
0001
1111
0000
0001
0010
0011
0000
0001
0010
1111
0000
0001
0010
0011
0000
0001
0010

